164
1706
278 32 383 161 30 26 300 245 258 471 437 272 81 30 492 261 42 436 96 36 305 35 346 442 121 207 62 483 456 292 127 297
305 21 318 42 215 337 299 290 268 162 479 134 105 343 367 161 123 136 203 68 344 331 154 235 162 476 385 480 38 5 235 319
289 52 38 276 110 260 136 68 478 179 452 36 451 126 190 146 81 225 427 279 361 155 314 414 335 271 5 342 419 284 154 478
340 54 481 450 69 136 60 456 55 381 284 80 140 145 310 108 368 176 105 352 325 437 136 259 251 129 464 465 434 27 48 325
217 425 142 23 2 171 395 67 327 135 83 380 227 283 362 219 288 5 58 39 484 453 354 463 77 280 19 428 190 299 283 76
221 66 22 158 187 461 478 408 498 441 21 461 184 108 350 128 342 53 182 400 287 453 448 209 499 318 384 80 474 477 122 443
84 500 410 416 91 452 212 13 92 378 474 171 401 477 211 411 343 443 377 416 128 137 82 404 360 56 196 447 20 440 241 114
103 419 471 236 180 157 421 408 447 117 115 13 338 99 205 169 143 443 36 496 396 143 180 329 261 205 348 432 275 170 481 15
60 450 497 134 92 298 493 136 20 56 306 223 177 374 403 161 224 311 262 60 198 461 296 98 131 23 363 224 1 267 474 413
276 352 369 482 380 378 344 101 187 221 36 486 341 472 170 320 161 340 435 64 369 461 154 260 159 342 210 168 207 357 152 284
66 99 216 341 482 195 347 384 463 90 316 292 155 208 281 427 1 156 147 108 221 403 297 311 336 165 239 227 227 346 110 262
243 407 462 492 408 377 87 338 44 146 264 340 325 318 172 48 420 488 385 121 345 159 116 413 102 76 13 24 126 244 313 436
394 38 234 213 454 323 295 100 368 357 197 254 205 125 76 336 353 3 458 385 441 395 454 55 399 218 113 91 412 491 357 266
238 26 286 128 470 435 63 234 69 411 238 342 272 287 305 163 487 387 457 227 314 418 369 457 259 219 426 465 281 229 460 82
381 442 244 231 133 385 127 431 327 142 393 399 267 249 321 123 141 226 40 366 147 121 140 172 164 458 277 42 71 78 119 197
356 79 362 110 33 213 209 170 278 239 213 32 106 427 216 200 464 395 300 485 357 11 439 451 392 295 195 245 4 483 181 153
386 200 437 457 489 428 215 276 383 377 280 410 309 460 113 250 113 140 224 249 15 200 173 343 348 409 208 371 85 431 240 471
66 319 274 14 465 202 304 289 340 14 43 330 220 70 444 237 94 26 134 195 168 109 233 168 173 390 451 195 143 386 488 426
216 130 428 42 241 10 384 277 27 488 180 115 333 36 400 491 334 21 387 16 487 127 103 430 11 319 79 123 65 243 343 59
289 486 112 239 359 132 393 189 86 311 311 494 383 368 59 399 420 84 494 160 56 297 14 476 160 295 347 465 491 193 204 483
367 102 39 304 354 426 322 125 53 357 396 155 436 351 308 413 62 408 290 401 22 178 273 220 339 190 36 260 332 175 7 435
216 422 251 55 222 492 186 326 457 425 236 363 79 223 91 376 268 495 334 139 316 414 471 276 397 248 239 224 423 375 304 138
166 437 126 426 479 45 143 452 231 125 385 238 292 313 343 195 173 15 254 436 167 94 250 109 182 409 133 175 144 451 306 360
451 142 285 6 265 486 98 44 124 369 209 251 285 389 124 354 244 331 365 252 230 406 9 48 151 114 208 355 125 157 340 298
189 243 284 272 177 218 382 282 170 181 360 233 139 157 129 119 62 370 99 162 62 381 275 487 391 354 95 99 111 379 248 142
371 302 390 269 306 145 52 427 100 152 117 185 92 155 8 363 274 65 141 24 499 28 284 150 358 484 65 327 445 386 252 53
447 7 294 146 241 246 226 175 95 495 27 130 482 442 245 59 421 34 206 252 38 296 323 352 28 78 77 416 289 486 156 44
128 61 286 392 214 311 306 405 317 116 398 268 195 231 466 227 153 441 302 220 157 292 318 31 313 492 379 51 486 391 107 321
109 136 339 42 81 123 89 283 39 81 2 210 231 353 305 241 150 17 119 148 362 145 360 441 233 37 352 120 474 136 404 406
321 302 339 412 479 102 218 59 279 116 332 77 466 137 424 73 37 31 85 406 158 305 384 423 292 472 148 225 64 240 353 156
359 207 483 140 257 277 253 225 42 307 21 456 222 377 166 310 129 14 47 118 493 346 429 441 295 301 487 11 392 345 421 138
296 21 391 388 90 241 266 334 227 470 143 93 300 224 326 417 252 497 47 241 179 210 171 165 344 54 440 83 169 211 356 254
148 340 484 206 417 390 282 19 233 46 162 130 166 60 497 396 207 443 264 423 1 337 446 278 237 212 28 97 266 186 319 388
256 321 227 390 27 105 137 282 68 475 148 225 451 358 249 63 15 499 323 312 410 123 364 82 160 283 8 283 209 48 116 431
468 59 237 485 61 332 427 79 256 478 367 150 261 362 140 213 428 248 242 125 234 283 75 197 98 472 307 261 383 451 70 443
36 142 396 405 438 213 175 479 404 260 137 421 2 145 372 153 429 301 297 338 251 444 77 229 276 248 177 171 283 391 279 194
234 478 165 446 97 358 123 293 197 120 439 398 211 23 163 382 243 362 468 416 196 198 340 406 421 334 78 254 494 19 65 258
495 303 170 446 52 448 433 226 52 270 467 234 8 370 74 210 446 336 497 80 39 241 401 497 136 174 320 355 204 333 42 437
169 437 346 440 274 195 489 163 321 368 455 389 250 447 278 19 317 36 121 324 351 472 148 117 383 47 223 51 390 325 361 447
52 228 86 356 154 463 15 24 167 408 29 151 184 192 221 75 126 272 211 290 350 406 93 88 90 41 313 446 196 318 350 124
255 468 299 74 119 237 327 131 236 131 342 5 461 412 239 462 148 347 280 81 38 227 484 177 301 154 328 493 218 354 129 234
433 155 102 197 437 248 55 122 196 293 184 295 152 359 152 12 425 338 203 141 5 290 443 352 399 382 499 26 467 311 382 255
427 463 463 147 398 410 118 311 411 181 113 326 98 318 129 348 387 370 393 338 349 430 71 322 50 463 322 331 21 159 404 226
18 297 187 375 68 47 466 152 168 383 213 90 103 68 403 277 449 498 188 272 257 468 140 426 85 132 468 423 484 247 496 413
152 383 446 174 412 59 240 494 39 73 387 495 116 441 347 371 346 204 496 434 412 286 188 47 405 203 8 136 275 64 233 189
345 384 345 135 300 196 422 327 482 191 56 346 120 242 13 318 453 483 288 168 469 313 114 332 33 326 422 238 466 359 155 333
210 60 72 24 485 20 156 253 60 50 121 455 276 70 199 233 190 344 487 381 357 485 277 215 301 381 373 80 454 213 336 51
427 251 316 209 481 488 144 17 354 190 112 228 228 487 121 438 186 51 352 189 279 462 331 184 32 204 142 98 496 63 486 435
422 233 47 340 109 329 328 306 498 11 26 403 171 125 65 403 290 106 36 425 392 284 107 301 111 417 446 120 169 397 76 404
462 306 2 142 440 75 67 277 129 409 90 57 339 444 14 68 8 184 405 404 122 302 166 9 90 136 27 65 380 216 270 59
382 33 244 230 399 186 263 304 56 232 258 114 485 315 23 373 402 466 444 338 267 155 235 330 494 16 32 246 434 206 219 352
56 252 365 466 228 38 461 42 165 312 76 34 65 141 320 325 300 281 365 167 196 306 272 151 233 259 310 221 51 407 360 59
437 336 334 450 394 283 370 444 111 221 232 455 117 212 174 424 233 205 213 374 49 161 219 161 341 131 192 489 79 352 473 243
35 47 426 44 48 222 50 382 379 191
