196
1039
152 83 21 281 255 467 107 353 478 247 170 121 2 7 344 46 465 57 428 294 343 253 77 487 47 400 262 39 371 371 52 464
132 330 119 234 152 136 238 26 52 417 90 448 21 437 149 185 411 347 161 219 379 60 49 436 389 456 24 5 437 71 340 332
88 169 184 458 225 490 319 138 450 376 48 191 418 176 94 59 206 205 493 234 140 428 198 354 436 245 410 216 333 454 409 86
58 68 357 372 31 483 433 82 54 214 467 303 248 411 292 348 225 93 313 195 399 184 314 15 442 351 451 430 373 499 457 67
248 472 250 58 455 211 226 24 33 134 336 161 7 361 445 348 269 393 381 296 371 290 115 490 343 448 174 266 268 353 359 317
49 222 339 373 128 247 178 340 347 329 198 77 430 424 286 457 314 28 6 330 479 81 259 435 241 437 254 446 85 39 385 252
165 124 170 497 143 26 260 115 282 330 194 207 419 121 41 236 228 411 294 230 46 439 256 229 162 61 255 382 335 10 53 207
212 19 286 282 1 423 47 406 310 494 317 327 156 456 261 288 106 336 344 234 487 175 187 423 28 419 115 433 233 170 287 393
318 308 243 367 337 187 367 232 59 50 389 338 114 2 175 182 425 325 494 410 150 281 268 192 360 55 24 460 85 253 72 421
368 381 370 210 55 131 313 101 97 62 477 437 202 111 235 423 401 98 367 174 56 388 213 24 475 325 429 345 302 64 396 457
231 235 338 302 490 259 69 494 256 3 272 377 25 284 479 222 430 300 248 474 261 400 472 467 91 355 297 89 375 418 66 54
199 337 308 311 452 165 259 452 197 215 312 469 355 391 128 141 204 494 176 497 151 232 413 69 71 212 309 359 454 384 263 154
432 360 281 441 161 365 378 479 284 324 112 103 108 320 366 149 352 177 472 345 68 364 333 500 491 92 258 278 356 327 166 364
60 390 181 288 246 299 293 483 342 364 214 346 383 458 431 274 147 450 434 217 414 7 268 55 13 196 75 28 344 29 103 137
385 403 83 147 350 129 75 430 32 354 402 152 105 386 278 17 184 417 232 53 316 445 346 379 288 443 115 381 332 288 200 122
262 402 408 409 357 148 355 341 25 475 196 199 214 490 404 500 351 161 495 283 28 7 381 129 104 318 445 400 441 446 227 425
116 467 325 361 364 332 189 387 302 280 379 309 101 398 372 494 100 151 230 91 350 39 96 493 89 377 264 62 194 21 220 143
285 136 67 83 300 434 131 3 170 239 364 480 80 21 79 476 166 306 27 397 478 321 316 432 339 155 252 405 294 282 184 38
402 363 163 270 113 490 95 267 35 403 259 82 213 279 275 207 48 179 114 453 110 340 170 170 185 151 112 487 386 317 272 244
288 422 386 333 5 59 343 178 229 124 464 329 315 471 319 125 491 21 350 454 165 196 469 408 484 59 198 132 277 371 145 13
467 265 421 395 192 264 412 261 229 250 23 152 460 334 99 165 264 43 486 50 86 498 490 396 276 274 4 321 34 108 344 323
397 110 443 351 218 428 54 106 276 425 360 450 500 380 397 223 332 419 482 37 383 352 79 13 236 368 170 20 45 38 28 92
407 129 286 37 295 421 117 467 133 209 199 231 323 208 222 162 9 200 345 61 274 4 329 369 317 33 388 382 300 24 359 435
38 184 476 258 55 149 403 352 155 311 45 145 392 475 225 196 203 421 339 16 243 81 274 113 70 383 201 408 409 435 280 152
492 325 74 153 347 455 469 495 408 444 374 332 192 491 487 6 284 448 285 73 64 22 3 294 306 202 276 281 485 44 157 108
384 380 463 372 177 109 212 464 331 436 263 73 83 95 114 316 428 130 100 59 93 344 410 291 437 28 436 385 478 282 237 331
282 38 149 344 35 129 51 102 372 298 250 488 170 183 66 344 336 121 52 146 318 36 461 100 163 249 231 169 316 338 157 356
300 79 290 291 187 414 162 491 220 87 3 161 127 403 114 365 379 329 224 142 431 185 69 348 376 170 450 246 237 229 184 397
157 250 283 56 90 331 311 42 431 144 440 424 72 457 276 101 135 376 454 321 40 373 39 457 10 435 260 324 16 417 298 297
208 394 303 109 465 19 283 134 279 458 277 242 335 397 77 188 201 115 457 396 302 376 439 149 69 238 257 262 47 204 187 258
6 340 123 435 494 413 315 351 85 388 264 72 229 82 92 290 486 290 338 447 496 75 377 375 248 481 184 21 113 390 250 119
33 136 190 120 22 343 106 266 465 406 185 199 241 470 233 452 24 21 333 166 53 361 496 267 325 425 141 428 380 135 297 279
292 90 193 335 194 188 301 335 460 428 40 265 129 193 499
