248
656
265 208 181 419 445 177 250 406 247 455 310 4 257 452 72 226 85 118 40 264 330 144 109 77 96 81 186 309 368 419 61 339
118 213 416 170 369 59 247 346 246 246 108 303 83 332 427 211 12 125 23 66 294 304 83 69 323 263 21 457 294 76 29 86
133 473 93 265 491 208 307 497 289 327 10 450 369 373 339 421 146 485 44 111 230 311 242 445 247 88 113 426 211 308 74 407
299 421 393 94 320 338 262 136 86 371 352 176 473 233 306 303 36 118 194 198 68 56 9 104 268 441 466 259 351 215 424 77
311 50 91 244 462 315 308 20 450 402 273 258 386 61 48 247 338 67 462 309 277 424 1 460 481 397 348 333 221 268 216 190
448 23 358 272 220 118 481 411 247 405 394 196 180 302 412 380 465 390 429 357 295 51 218 69 131 245 393 120 466 440 43 146
307 449 279 210 132 97 3 364 381 405 4 296 268 61 267 4 193 336 106 353 412 162 210 186 55 80 219 334 300 130 134 438
275 217 290 188 314 142 349 204 387 105 212 283 402 286 248 92 190 287 285 248 130 158 296 177 397 362 204 377 71 438 443 338
61 383 118 229 401 359 487 83 52 110 261 206 403 174 411 282 315 357 351 362 27 83 200 494 326 3 412 47 422 75 242 475
308 223 46 33 135 114 190 41 312 20 371 197 477 206 315 336 267 147 365 494 306 30 485 397 420 90 328 254 225 6 104 436
337 477 412 266 147 100 18 402 307 262 265 358 119 315 87 346 19 185 123 336 1 500 81 45 142 400 205 181 343 203 208 301
103 266 8 378 361 36 471 47 282 146 372 425 287 469 299 179 178 494 418 142 116 311 494 100 233 477 207 295 3 134 90 209
260 55 287 38 258 151 175 485 60 412 263 490 132 449 276 417 407 295 129 356 227 495 194 289 248 395 125 388 174 493 398 235
349 236 460 301 442 15 247 60 133 35 196 325 404 113 347 360 118 410 162 212 490 181 265 275 5 359 427 135 128 148 48 205
345 384 421 176 39 284 477 92 244 161 182 112 458 294 138 94 485 383 350 477 466 98 256 378 103 121 377 124 447 136 106 118
104 428 128 429 317 183 80 399 55 62 472 41 347 490 340 253 315 4 392 439 278 491 22 435 247 191 318 162 253 460 452 460
295 445 141 252 94 392 469 262 144 204 114 385 296 66 28 270 410 217 245 482 277 17 258 178 202 441 352 398 90 235 500 62
358 266 236 162 353 5 7 346 108 195 298 52 167 186 314 442 133 96 281 135 122 138 242 491 314 176 188 95 256 218 108 215
359 386 191 187 438 206 144 231 93 293 68 295 352 118 417 52 370 139 412 121 285 222 439 196 101 75 410 492 379 77 243 413
5 91 216 256 69 458 435 323 265 274 369 162 403 250 154 129 288 440 291 25 204 51 354 84 31 111 417 131 244 430 323 50
231 382 172 134 185 185 287 286 478 415 132 177 11 211 63 180
