153
1461
79 143 43 159 41 262 472 105 499 414 80 275 168 201 301 325 391 428 333 349 330 34 159 358 224 374 489 434 123 30 126 45
474 223 60 233 314 312 29 159 342 380 337 380 90 62 7 363 71 360 6 84 255 488 178 268 265 401 422 370 133 86 191 65
384 400 448 138 376 454 61 395 461 16 172 414 220 140 269 33 135 365 500 296 322 40 255 234 262 185 29 256 440 291 86 189
81 131 396 53 458 294 346 371 60 117 380 261 2 23 440 442 7 126 24 242 187 197 472 77 92 477 492 440 19 284 412 468
366 380 336 215 115 165 128 214 469 369 164 139 423 40 293 191 62 258 345 462 27 92 115 412 265 24 489 206 36 450 239 444
145 397 433 160 168 45 284 234 5 189 103 150 289 402 156 379 319 125 238 189 303 498 253 396 398 101 376 462 280 390 408 126
78 4 478 210 13 120 278 178 326 430 356 450 5 487 172 1 389 337 193 435 378 373 158 54 106 272 122 215 252 493 31 498
73 365 144 48 23 472 119 460 433 267 212 359 459 191 235 499 383 44 298 49 259 69 327 420 202 39 304 291 32 223 340 494
67 122 150 134 436 162 475 411 202 359 426 377 168 163 232 140 120 39 484 104 70 400 395 300 56 80 55 85 231 239 161 209
62 275 184 494 395 107 232 158 238 136 437 62 47 81 414 352 156 424 361 357 309 21 111 428 439 168 76 47 365 128 496 183
203 263 26 347 154 134 420 90 16 488 208 438 232 285 384 282 128 49 237 53 412 407 72 63 7 32 426 400 114 67 102 422
206 191 352 323 481 331 44 299 301 133 470 417 39 12 34 102 463 331 228 415 66 48 464 434 425 415 170 63 22 483 237 26
87 474 294 222 421 371 203 255 16 196 350 219 89 182 110 466 96 141 144 229 453 77 18 315 318 316 126 332 152 256 211 452
282 246 32 45 144 197 71 215 103 330 453 409 270 128 323 411 279 407 10 196 401 366 184 246 279 401 249 177 468 290 258 165
199 139 93 14 164 306 113 16 459 416 399 144 30 415 242 272 184 393 300 120 499 82 52 127 337 124 137 274 418 406 470 378
29 392 486 113 295 434 409 199 182 479 430 433 89 91 122 304 163 413 378 358 184 468 303 15 361 359 181 486 291 289 73 289
486 97 429 415 452 497 253 278 159 90 252 20 47 29 120 309 113 11 270 245 1 170 470 315 104 413 67 175 368 91 471 411
433 445 166 31 12 76 301 361 470 73 397 57 434 270 441 187 492 38 192 361 483 340 203 301 52 173 155 166 70 500 81 375
486 224 406 328 492 250 333 163 90 363 496 288 356 456 476 315 403 183 115 341 302 418 90 194 158 376 353 151 66 91 374 1
486 360 486 294 201 436 395 495 291 17 94 309 163 472 415 496 314 114 328 290 54 480 255 73 170 382 40 122 178 164 86 326
454 494 46 421 363 344 328 374 454 172 229 6 136 108 128 355 35 180 132 403 56 369 1 25 198 225 376 215 497 86 453 212
253 452 194 180 280 193 52 425 246 404 443 296 334 389 352 116 84 232 38 410 434 18 151 11 164 134 488 54 38 176 88 455
193 83 375 39 281 483 460 48 174 305 315 458 248 361 16 221 483 335 85 311 456 223 81 28 52 170 106 499 98 210 357 284
370 474 374 277 136 339 145 153 122 50 26 202 293 282 431 252 79 28 185 2 219 45 151 422 339 321 308 246 103 50 14 106
88 327 150 42 243 433 60 158 402 204 242 251 459 339 136 47 329 279 199 95 190 454 196 190 96 229 23 135 226 239 135 116
429 138 289 32 78 386 357 342 50 44 343 177 414 278 212 498 388 302 117 284 32 431 199 420 268 215 495 275 352 444 480 244
294 452 121 244 154 41 203 463 438 366 18 258 293 462 265 410 293 347 318 76 62 487 388 230 89 486 86 498 109 414 99 65
22 217 41 350 223 104 422 322 76 428 305 133 164 467 373 469 414 35 45 199 285 204 283 167 439 142 267 235 470 448 7 403
359 320 301 268 401 215 58 213 77 76 291 302 299 389 494 482 52 474 55 289 400 52 403 147 445 275 451 177 450 211 136 197
336 249 293 312 243 20 89 142 207 74 317 312 349 356 206 20 203 456 451 170 354 122 26 382 244 472 138 460 191 11 173 419
407 156 160 144 432 252 440 357 351 51 498 445 117 69 154 499 381 227 397 423 165 138 374 214 310 331 46 97 227 109 468 422
209 380 249 389 265 445 192 421 29 264 406 82 34 160 364 260 207 70 400 436 269 451 292 15 89 99 449 427 103 429 30 128
17 234 26 471 185 361 102 141 189 422 238 259 204 326 473 64 349 16 124 191 251 305 229 91 492 446 243 301 283 180 177 84
429 458 133 384 426 353 47 146 15 198 26 84 438 293 400 495 110 439 114 332 116 347 106 138 334 210 263 11 443 400 496 393
350 5 243 467 68 332 89 308 411 5 115 130 312 413 483 157 365 496 364 330 141 217 459 193 437 179 236 130 112 239 155 347
267 423 320 204 300 53 4 262 340 495 432 430 192 288 332 305 312 145 153 351 56 247 33 173 142 328 167 442 142 134 336 365
488 457 334 153 97 77 265 392 124 461 30 413 439 411 415 308 207 339 164 349 72 370 14 336 255 152 133 465 215 208 199 378
19 299 363 293 418 98 176 372 366 114 352 274 327 402 244 465 482 344 184 260 154 433 88 431 337 449 286 93 151 50 242 66
380 133 372 414 287 391 468 94 485 349 461 172 336 46 114 182 115 382 447 158 216 404 455 170 191 134 300 151 238 436 61 241
28 444 325 299 298 484 318 37 242 456 100 257 62 445 349 196 272 153 212 28 446 438 78 71 103 176 210 292 458 465 235 74
162 442 367 93 399 42 250 171 324 91 161 325 30 3 232 141 108 390 397 87 296 392 82 251 403 391 400 46 67 315 223 325
220 207 220 495 245 197 3 20 274 103 375 192 487 8 457 165 388 427 272 98 10 347 3 321 376 128 116 356 450 177 160 67
53 197 258 302 157 86 34 422 24 153 486 149 234 373 267 306 269 173 223 455 352 69 176 462 251 184 385 97 85 486 465 471
416 207 10 117 115 373 68 109 376 12 302 259 87 64 188 365 334 406 20 193 449 328 131 395 274 320 25 305 25 339 56 335
429 11 25 354 60 214 228 195 64 281 130 243 360 79 106 356 352 323 5 155 216 339 52 340 267 139 319 311 359 71 215 426
461 54 262 369 317 61 145 59 402 55 255 102 312 103 399 135 426 268 499 104 184
