93
558
58 192 402 20 399 104 468 48 228 260 13 410 248 464 257 79 98 175 473 248 376 448 269 159 398 168 74 394 447 51 421 481
265 347 68 106 371 19 236 199 366 443 268 60 3 160 478 23 352 435 305 447 45 171 240 456 24 53 267 393 338 382 160 12
296 389 160 328 457 108 165 103 99 147 142 273 164 396 226 344 61 140 77 81 141 59 8 491 319 287 264 53 106 278 180 282
164 139 73 483 361 412 146 294 126 88 37 160 314 457 174 277 228 26 67 15 242 463 346 26 55 197 28 45 219 201 92 361
306 457 304 323 429 354 359 229 316 183 160 171 419 102 366 389 344 415 274 41 499 473 387 392 239 291 68 48 417 411 471 358
240 50 234 159 351 330 364 393 239 241 119 486 115 74 441 459 316 133 468 187 201 94 359 470 341 170 404 441 452 167 233 250
16 34 244 58 180 246 237 434 88 145 394 179 310 295 66 261 53 208 419 366 408 55 167 285 333 37 406 155 273 237 206 303
212 123 318 125 281 82 499 247 197 34 175 107 417 356 303 221 402 223 291 404 176 279 356 121 89 340 343 40 379 477 365 294
429 250 59 304 306 238 167 285 50 421 228 91 158 490 208 36 307 56 351 417 306 395 420 195 168 254 331 339 32 47 112 419
72 455 298 463 387 326 415 1 388 76 339 77 232 273 150 200 316 296 229 101 106 349 450 163 154 292 407 468 348 156 471 483
480 223 368 469 177 46 299 5 314 262 207 434 66 437 151 32 190 462 282 496 28 1 361 287 421 184 57 441 145 444 16 121
222 360 303 202 321 163 365 196 208 196 223 280 109 340 89 244 72 97 285 197 432 474 185 431 214 79 148 447 344 65 69 6
37 332 9 74 370 454 250 337 224 500 70 44 71 329 413 213 441 234 458 404 357 310 477 218 320 93 233 261 218 283 420 231
197 182 116 96 218 310 4 296 256 434 375 122 365 257 138 211 475 280 296 188 18 20 291 248 361 189 58 298 247 493 354 41
73 374 375 270 440 385 399 144 239 265 41 268 456 313 46 126 242 323 380 340 492 343 40 351 325 277 409 297 160 314 28 463
176 274 399 6 241 233 263 464 241 294 376 170 216 181 492 409 151 149 86 19 356 473 306 384 156 373 402 289 134 32 323 243
297 87 294 27 337 150 415 378 320 14 147 249 43 65 259 40 436 402 143 130 68 316 144 141 440 132 8 380 58 310 90 466
303 379 78 338 229 190 414 90 134 401 359 121 249 93
