238
1591
494 311 102 296 295 333 333 276 90 400 146 182 167 345 262 250 397 378 229 456 41 196 315 147 238 324 490 75 445 86 328 414
476 173 216 324 314 293 208 435 465 37 41 83 176 117 161 163 335 150 364 137 310 331 203 139 455 228 400 442 481 186 383 301
267 495 231 212 86 95 438 12 65 373 121 339 129 482 381 359 384 41 108 86 204 53 49 33 480 450 243 281 28 14 395 204
269 392 43 54 135 317 80 44 336 477 454 200 159 118 127 378 146 227 321 65 68 270 430 88 15 18 340 183 441 469 167 443
244 240 500 446 277 479 140 281 228 70 497 486 358 277 91 303 306 234 324 384 326 450 289 223 269 328 328 274 159 466 178 247
277 117 413 46 227 158 188 212 134 80 156 6 1 268 418 389 435 70 177 147 241 274 5 353 473 252 485 387 245 154 5 393
221 409 150 306 119 408 4 281 192 97 211 452 288 224 203 128 84 367 378 331 200 425 194 113 135 41 217 321 123 265 392 410
466 314 414 356 351 140 146 333 381 273 415 138 212 97 437 36 94 70 149 57 327 234 317 232 140 359 319 252 97 165 10 78
26 497 274 12 96 498 53 145 138 65 367 225 373 5 120 47 78 8 253 112 176 216 160 403 410 256 191 238 357 406 17 170
42 432 385 488 75 29 137 398 201 37 279 241 93 99 459 431 129 419 196 425 7 63 499 394 366 128 198 395 500 227 127 378
18 102 236 377 395 49 267 341 107 243 200 349 493 160 480 166 82 323 373 22 382 480 282 267 63 130 247 327 153 102 185 455
27 443 342 112 499 58 121 325 223 167 8 86 407 142 300 62 203 405 125 5 497 22 298 402 354 244 353 306 80 191 395 46
128 81 256 47 352 317 174 477 497 389 321 31 31 183 331 79 360 275 406 55 65 250 120 163 286 404 331 388 178 413 457 225
376 99 11 353 194 184 371 69 129 461 21 249 362 225 287 151 278 357 251 98 291 96 279 179 166 375 240 141 445 426 307 469
441 284 83 36 272 80 231 152 420 135 278 188 233 1 398 327 260 195 376 95 453 10 318 439 187 398 318 123 165 370 33 338
496 276 420 199 98 269 350 255 393 283 79 314 145 166 210 329 165 57 50 268 338 35 23 428 481 67 92 448 17 104 55 249
99 51 17 293 329 429 199 337 251 270 320 360 303 132 26 188 114 311 368 37 7 477 472 107 336 252 476 456 427 41 240 411
328 32 185 286 381 481 456 213 421 189 407 363 30 422 316 137 271 21 376 37 428 156 40 484 111 492 266 50 52 372 119 273
198 98 99 270 337 128 292 321 486 92 286 384 286 213 383 55 393 327 296 184 346 235 360 341 219 453 54 86 406 93 282 206
259 173 337 81 274 308 227 478 181 463 162 282 167 433 191 212 392 325 221 423 372 166 312 124 289 280 110 193 393 282 475 382
131 185 493 232 230 492 204 1 372 18 146 306 9 266 70 456 155 4 154 114 110 439 162 12 396 421 483 354 422 142 471 284
262 285 293 475 293 80 49 20 236 183 80 71 136 188 456 299 128 120 132 416 154 48 293 205 292 470 112 376 40 371 167 406
248 89 250 423 461 354 360 296 420 465 49 305 329 154 20 375 414 296 196 41 400 29 472 395 172 179 451 419 223 214 477 445
62 446 395 117 383 335 435 309 476 6 325 399 324 196 28 157 269 22 164 277 290 77 168 258 358 114 79 26 345 375 202 498
229 386 305 295 259 47 114 222 149 403 202 76 68 173 43 244 293 382 26 281 205 135 44 205 257 223 397 358 67 391 70 247
287 102 250 203 334 293 101 288 316 377 269 127 125 37 137 398 221 166 351 474 295 46 58 344 212 217 188 179 98 165 177 305
336 13 395 157 87 180 316 421 412 227 320 75 226 23 474 419 120 103 351 192 80 388 373 437 44 58 379 28 125 486 318 475
76 445 427 420 148 8 176 356 412 57 157 231 242 12 170 108 379 276 109 105 280 268 385 133 281 248 319 374 73 356 358 343
10 193 299 464 340 270 23 131 88 31 146 103 405 357 317 139 28 239 336 484 5 35 199 339 139 340 437 468 338 185 443 56
10 150 445 453 333 198 119 195 261 364 51 463 162 249 444 306 273 46 96 102 257 495 235 288 475 365 12 21 127 473 272 157
171 251 202 382 81 10 178 351 181 182 321 155 121 257 142 416 32 321 132 450 199 456 418 16 484 285 486 144 116 78 175 460
202 337 71 45 374 196 267 492 348 314 447 321 352 117 214 124 294 79 219 497 160 466 310 169 230 278 68 106 335 71 298 278
351 410 104 442 71 159 353 362 461 269 466 70 221 466 500 395 75 336 478 290 470 81 163 35 286 273 486 369 61 95 163 430
451 75 373 16 392 164 451 499 212 493 211 156 227 382 479 421 458 327 478 379 141 78 399 97 55 68 95 14 391 314 316 137
311 291 314 119 306 119 119 352 14 184 41 353 400 245 69 258 434 310 241 365 333 192 95 437 199 252 243 71 84 99 116 17
210 392 497 8 474 139 487 212 114 381 344 104 388 105 34 91 475 489 225 444 316 251 353 167 444 235 455 127 219 208 398 22
312 377 423 195 369 161 202 314 481 381 293 305 275 269 329 449 361 403 20 267 56 232 234 424 450 22 450 126 266 276 203 377
21 286 199 265 392 323 493 26 98 150 226 204 453 156 397 424 147 237 86 217 151 314 471 28 354 265 463 73 238 425 331 232
47 370 257 58 93 399 300 481 458 357 280 70 202 212 166 231 13 92 233 303 460 365 459 104 452 233 47 129 166 355 333 465
365 408 84 368 376 64 47 59 362 231 325 186 44 269 363 197 373 406 500 262 314 487 82 194 282 195 23 394 88 468 172 290
447 338 442 77 84 445 75 92 394 365 27 215 158 159 374 394 493 229 148 321 93 61 461 68 492 104 2 319 392 130 7 235
255 438 256 279 414 3 312 452 253 122 112 302 338 244 233 210 227 41 308 308 4 126 452 281 143 318 322 286 420 423 107 26
95 76 29 335 179 19 75 438 17 342 296 430 309 153 170 472 45 26 56 214 92 83 345 146 313 339 355 359 305 294 404 288
91 495 234 384 297 185 477 19 48 394 154 166 189 460 195 420 35 389 219 432 282 34 150 242 69 63 356 441 141 169 270 212
269 108 357 108 314 30 56 293 374 323 271 45 248 371 353 310 479 404 362 148 219 312 435 163 133 270 295 320 182 475 67 315
289 255 267 374 324 255 253 414 93 453 313 120 363 149 100 1 61 13 239 321 408 61 378 435 107 410 316 213 212 24 171 180
287 413 327 109 6 328 104 354 145 131 405 35 158 154 260 282 166 393 4 59 352 171 175 203 371 292 316 492 15 427 90 100
170 427 174 473 345 246 470 243 409 19 331 70 247 80 322 236 457 443 275 459 172 237 402 417 212 476 381 29 428 267 154 290
372 348 162 285 275 10 107 296 351 170 410 470 455 408 182 34 497 77 144 431 16 174 193 321 274 432 85 293 311 200 96 305
60 443 401 385 158 362 440 162 364 17 140 212 45 255 450 122 191 232 425 487 155 111 269
